0.0   [5.]
0.1   [4.99]
0.2   [4.98]
0.3   [4.97]
0.4   [4.95]
0.5   [4.94]
0.6   [4.93]
0.7   [4.92]
0.8   [4.91]
0.9   [4.9]
1.01   [4.89]
1.11   [4.88]
1.21   [4.87]
1.31   [4.86]
1.41   [4.85]
1.51   [4.84]
1.61   [4.83]
1.71   [4.82]
1.81   [4.81]
1.91   [4.8]
2.01   [4.79]
2.11   [4.78]
2.21   [4.77]
2.31   [4.76]
2.41   [4.75]
2.51   [4.74]
2.61   [4.73]
2.71   [4.72]
2.81   [4.72]
2.91   [4.71]
3.02   [4.7]
3.12   [4.69]
3.22   [4.68]
3.32   [4.67]
3.42   [4.67]
3.52   [4.66]
3.62   [4.65]
3.72   [4.64]
3.82   [4.63]
3.92   [4.63]
4.02   [4.62]
4.12   [4.61]
4.22   [4.6]
4.32   [4.6]
4.42   [4.59]
4.52   [4.58]
4.62   [4.58]
4.72   [4.57]
4.82   [4.56]
4.92   [4.55]
5.03   [4.55]
5.13   [4.54]
5.23   [4.54]
5.33   [4.53]
5.43   [4.52]
5.53   [4.52]
5.63   [4.51]
5.73   [4.5]
5.83   [4.5]
5.93   [4.49]
6.03   [4.49]
6.13   [4.48]
6.23   [4.47]
6.33   [4.47]
6.43   [4.46]
6.53   [4.46]
6.63   [4.45]
6.73   [4.45]
6.83   [4.44]
6.93   [4.43]
7.04   [4.43]
7.14   [4.42]
7.24   [4.42]
7.34   [4.41]
7.44   [4.41]
7.54   [4.4]
7.64   [4.4]
7.74   [4.39]
7.84   [4.39]
7.94   [4.38]
8.04   [4.38]
8.14   [4.38]
8.24   [4.37]
8.34   [4.37]
8.44   [4.36]
8.54   [4.36]
8.64   [4.35]
8.74   [4.35]
8.84   [4.34]
8.94   [4.34]
9.05   [4.34]
9.15   [4.33]
9.25   [4.33]
9.35   [4.32]
9.45   [4.32]
9.55   [4.32]
9.65   [4.31]
9.75   [4.31]
9.85   [4.3]
9.95   [4.3]
10.05   [4.3]
10.15   [4.29]
10.25   [4.29]
10.35   [4.29]
10.45   [4.28]
10.55   [4.28]
10.65   [4.28]
10.75   [4.27]
10.85   [4.27]
10.95   [4.27]
11.06   [4.26]
11.16   [4.26]
11.26   [4.26]
11.36   [4.25]
11.46   [4.25]
11.56   [4.25]
11.66   [4.24]
11.76   [4.24]
11.86   [4.24]
11.96   [4.23]
12.06   [4.23]
12.16   [4.23]
12.26   [4.23]
12.36   [4.22]
12.46   [4.22]
12.56   [4.22]
12.66   [4.22]
12.76   [4.21]
12.86   [4.21]
12.96   [4.21]
13.07   [4.2]
13.17   [4.2]
13.27   [4.2]
13.37   [4.2]
13.47   [4.19]
13.57   [4.19]
13.67   [4.19]
13.77   [4.19]
13.87   [4.19]
13.97   [4.18]
14.07   [4.18]
14.17   [4.18]
14.27   [4.18]
14.37   [4.17]
14.47   [4.17]
14.57   [4.17]
14.67   [4.17]
14.77   [4.17]
14.87   [4.16]
14.97   [4.16]
15.08   [4.16]
15.18   [4.16]
15.28   [4.16]
15.38   [4.15]
15.48   [4.15]
15.58   [4.15]
15.68   [4.15]
15.78   [4.15]
15.88   [4.14]
15.98   [4.14]
16.08   [4.14]
16.18   [4.14]
16.28   [4.14]
16.38   [4.14]
16.48   [4.13]
16.58   [4.13]
16.68   [4.13]
16.78   [4.13]
16.88   [4.13]
16.98   [4.13]
17.09   [4.12]
17.19   [4.12]
17.29   [4.12]
17.39   [4.12]
17.49   [4.12]
17.59   [4.12]
17.69   [4.12]
17.79   [4.11]
17.89   [4.11]
17.99   [4.11]
18.09   [4.11]
18.19   [4.11]
18.29   [4.11]
18.39   [4.11]
18.49   [4.1]
18.59   [4.1]
18.69   [4.1]
18.79   [4.1]
18.89   [4.1]
18.99   [4.1]
19.1   [4.1]
19.2   [4.1]
19.3   [4.09]
19.4   [4.09]
19.5   [4.09]
19.6   [4.09]
19.7   [4.09]
19.8   [4.09]
19.9   [4.09]
20.0   [4.09]
